1627757253117 0.3543454110622406 0
1627757257898 0.34107476472854614 2
1627757258522 0.3278883397579193 4
1627757259203 0.31481048464775085 6
1627757259827 0.3016338348388672 8
1627757260521 0.28925350308418274 10
1627757261170 0.27915453910827637 12
1627757261752 0.2717534601688385 14
1627757262347 0.26780965924263 16
1627757262935 0.2667841911315918 18
1627757263549 0.26717910170555115 20
1627757264194 0.26760461926460266 22
1627757264896 0.2674334645271301 24
1627757265472 0.2668289244174957 26
1627757266058 0.2662505507469177 28
1627757266667 0.2660362124443054 30
1627757267305 0.2663269340991974 32
1627757267937 0.26702582836151123 34
1627757268710 0.2678340673446655 36
1627757269298 0.2684968411922455 38
1627757269925 0.2688443064689636 40
1627757270517 0.2688536047935486 42
1627757271196 0.26857081055641174 44
1627757271849 0.2680634558200836 46
1627757272509 0.2674439549446106 48
1627757273178 0.2668333053588867 50
1627757273759 0.2662827670574188 52
1627757274336 0.2658199071884155 54
1627757274948 0.26547348499298096 56
1627757275566 0.265254408121109 58
1627757276199 0.26512038707733154 60
1627757276818 0.26505786180496216 62
1627757277394 0.26505640149116516 64
1627757277974 0.265119731426239 66
1627757278566 0.265224814414978 68
1627757279183 0.2653231620788574 70
1627757279799 0.26539769768714905 72
1627757280400 0.26542928814888 74
1627757281023 0.2654055953025818 76
1627757281593 0.265325665473938 78
1627757282172 0.26519766449928284 80
1627757282783 0.26503634452819824 82
1627757283398 0.26485705375671387 84
1627757284006 0.26467686891555786 86
1627757284658 0.26451465487480164 88
1627757285264 0.2643722593784332 90
1627757285835 0.2642541229724884 92
1627757286439 0.2641604244709015 94
1627757287074 0.26408734917640686 96
1627757287682 0.264029324054718 98
1627757288297 0.26397886872291565 100
1627757288959 0.26392674446105957 102
1627757289528 0.26386758685112 104
1627757290118 0.2637954354286194 106
1627757290728 0.26370832324028015 108
1627757291329 0.2636069357395172 110
1627757291955 0.2634941637516022 112
1627757292597 0.263374000787735 114
1627757293192 0.26325130462646484 116
1627757293780 0.26313045620918274 118
1627757294361 0.2630155682563782 120
1627757294982 0.2629064917564392 122
1627757295587 0.2628028392791748 124
1627757296242 0.26270341873168945 126
1627757296878 0.2626066207885742 128
1627757297443 0.2625095546245575 130
1627757298043 0.2624094486236572 132
1627757298634 0.2623046338558197 134
1627757299278 0.26219412684440613 136
1627757299914 0.26207786798477173 138
1627757300544 0.26195722818374634 140
1627757301162 0.26183396577835083 142
1627757301730 0.26170843839645386 144
1627757302328 0.2615818381309509 146
1627757302929 0.2614561915397644 148
1627757303569 0.26133063435554504 150
1627757304217 0.26120519638061523 152
1627757304875 0.2610788345336914 154
1627757305472 0.26095035672187805 156
1627757306057 0.260818749666214 158
1627757306765 0.2606832981109619 160
1627757307411 0.2605435848236084 162
1627757308025 0.2603999972343445 164
1627757308677 0.2602540850639343 166
1627757309274 0.260104775428772 168
1627757309905 0.2599524259567261 170
1627757310511 0.2597978115081787 172
1627757311111 0.25964152812957764 174
1627757311730 0.2594824433326721 176
1627757312365 0.2593200206756592 178
1627757312997 0.2591544985771179 180
1627757313605 0.25898632407188416 182
1627757314195 0.25881335139274597 184
1627757314802 0.25863540172576904 186
1627757315389 0.25845247507095337 188
1627757316034 0.2582646310329437 190
1627757316679 0.2580720782279968 192
1627757317270 0.25787466764450073 194
1627757317874 0.25767236948013306 196
1627757318445 0.25746476650238037 198
1627757319054 0.257251501083374 200
1627757319673 0.25703203678131104 202
1627757320323 0.25680607557296753 204
1627757320983 0.25657331943511963 206
1627757321554 0.25633347034454346 208
1627757322149 0.256086528301239 210
1627757322728 0.2558330297470093 212
1627757323354 0.25557446479797363 214
1627757323990 0.25530847907066345 216
1627757324657 0.2550382614135742 218
1627757325270 0.2547605633735657 220
1627757325838 0.25447386503219604 222
1627757326451 0.25417855381965637 224
1627757327054 0.2538753151893616 226
1627757327699 0.25356435775756836 228
1627757328352 0.2532460391521454 230
1627757328987 0.2529195547103882 232
1627757329578 0.25258195400238037 234
1627757330170 0.2522336542606354 236
1627757330783 0.2518731951713562 238
1627757331420 0.2514999210834503 240
1627757332038 0.2511157691478729 242
1627757332703 0.25072237849235535 244
1627757333292 0.2503238022327423 246
1627757333885 0.24991244077682495 248
1627757334482 0.24948963522911072 250
1627757335105 0.24905231595039368 252
1627757335723 0.24859915673732758 254
1627757336350 0.24813003838062286 256
1627757336988 0.2476494163274765 258
1627757337549 0.2471703737974167 260
1627757338132 0.24668100476264954 262
1627757338727 0.24617387354373932 264
1627757339334 0.24566254019737244 266
1627757339967 0.24514594674110413 268
1627757340588 0.2446245402097702 270
1627757341224 0.2441049963235855 272
1627757341813 0.24357683956623077 274
1627757342409 0.24303863942623138 276
1627757343040 0.24247686564922333 278
1627757343667 0.24190236628055573 280
1627757344333 0.24131320416927338 282
1627757344998 0.2407151460647583 284
1627757345568 0.24010013043880463 286
1627757346155 0.23945553600788116 288
1627757346763 0.23881474137306213 290
1627757347384 0.23817627131938934 292
1627757348014 0.23753488063812256 294
1627757348652 0.2368817925453186 296
1627757349273 0.23624815046787262 298
