1627757253117 0.16835196316242218 0
1627757257898 0.15842263400554657 2
1627757258522 0.1490599811077118 4
1627757259203 0.14040017127990723 6
1627757259827 0.13265632092952728 8
1627757260521 0.1261277198791504 10
1627757261170 0.12116498500108719 12
1627757261752 0.11809460073709488 14
1627757262347 0.11705628782510757 16
1627757262935 0.11771131306886673 18
1627757263549 0.11904846876859665 20
1627757264194 0.11989997327327728 22
1627757264896 0.11978091299533844 24
1627757265472 0.11894997209310532 26
1627757266058 0.11792776733636856 28
1627757266667 0.11711402237415314 30
1627757267305 0.11666474491357803 32
1627757267937 0.11653977632522583 34
1627757268710 0.11660557240247726 36
1627757269298 0.11672244966030121 38
1627757269925 0.11679229140281677 40
1627757270517 0.11677206307649612 42
1627757271196 0.11666598916053772 44
1627757271849 0.11650791019201279 46
1627757272509 0.11634163558483124 48
1627757273178 0.11620370298624039 50
1627757273759 0.11611232906579971 52
1627757274336 0.11606448143720627 54
1627757274948 0.11604153364896774 56
1627757275566 0.11602066457271576 58
1627757276199 0.11598552763462067 60
1627757276818 0.11593194305896759 62
1627757277394 0.11586617678403854 64
1627757277974 0.1157987043261528 66
1627757278566 0.11573777347803116 68
1627757279183 0.11568625271320343 70
1627757279799 0.11564197391271591 72
1627757280400 0.11560026556253433 74
1627757281023 0.11555696278810501 76
1627757281593 0.1155100092291832 78
1627757282172 0.11545979976654053 80
1627757282783 0.11540810763835907 82
1627757283398 0.11535684764385223 84
1627757284006 0.11530709266662598 86
1627757284658 0.11525868624448776 88
1627757285264 0.11521077156066895 90
1627757285835 0.11516237258911133 92
1627757286439 0.11511287838220596 94
1627757287074 0.115062415599823 96
1627757287682 0.11501134932041168 98
1627757288297 0.11496011912822723 100
1627757288959 0.11490888893604279 102
1627757289528 0.11485753953456879 104
1627757290118 0.11480583250522614 106
1627757290728 0.11475350707769394 108
1627757291329 0.11470045894384384 110
1627757291955 0.11464673280715942 112
1627757292597 0.11459240317344666 114
1627757293192 0.1145375594496727 116
1627757293780 0.11448213458061218 118
1627757294361 0.11442612111568451 120
1627757294982 0.11436937749385834 122
1627757295587 0.11431188136339188 124
1627757296242 0.11425364017486572 126
1627757296878 0.11419457942247391 128
1627757297443 0.1141347661614418 130
1627757298043 0.11407411098480225 132
1627757298634 0.11401261389255524 134
1627757299278 0.11395018547773361 136
1627757299914 0.11388678848743439 138
1627757300544 0.11382240056991577 140
1627757301162 0.11375696957111359 142
1627757301730 0.11369051784276962 144
1627757302328 0.11362294107675552 146
1627757302929 0.11355423182249069 148
1627757303569 0.11348436772823334 150
1627757304217 0.1134132519364357 152
1627757304875 0.11334089189767838 154
1627757305472 0.11326723545789719 156
1627757306057 0.11319223046302795 158
1627757306765 0.11311580240726471 160
1627757307411 0.11303792893886566 162
1627757308025 0.11295855790376663 164
1627757308677 0.11287763714790344 166
1627757309274 0.11279510706663132 168
1627757309905 0.11271090060472488 170
1627757310511 0.11262500286102295 172
1627757311111 0.11253732442855835 174
1627757311730 0.11244778335094452 176
1627757312365 0.11235635727643967 178
1627757312997 0.11226298660039902 180
1627757313605 0.11216755211353302 182
1627757314195 0.11207003891468048 184
1627757314802 0.11197033524513245 186
1627757315389 0.11186837404966354 188
1627757316034 0.1117641031742096 190
1627757316679 0.11165742576122284 192
1627757317270 0.11154824495315552 194
1627757317874 0.11143647879362106 196
1627757318445 0.1113220676779747 198
1627757319054 0.11120491474866867 200
1627757319673 0.11108486354351044 202
1627757320323 0.11096186935901642 204
1627757320983 0.11083582788705826 206
1627757321554 0.11070660501718521 208
1627757322149 0.11057408899068832 210
1627757322728 0.11043818295001984 212
1627757323354 0.11029873788356781 214
1627757323990 0.1101556345820427 216
1627757324657 0.11000875383615494 218
1627757325270 0.10985792428255081 220
1627757325838 0.10970300436019897 222
1627757326451 0.1095438301563263 224
1627757327054 0.10938026756048203 226
1627757327699 0.10921212285757065 228
1627757328352 0.10903922468423843 230
1627757328987 0.10886134952306747 232
1627757329578 0.10867830365896225 234
1627757330170 0.10848990827798843 236
1627757330783 0.10829590260982513 238
1627757331420 0.10809604078531265 240
1627757332038 0.10789010673761368 242
1627757332703 0.10767781734466553 244
1627757333292 0.10745886713266373 246
1627757333885 0.10723298043012619 248
1627757334482 0.10699983686208725 250
1627757335105 0.10675913095474243 252
1627757335723 0.10651051998138428 254
1627757336350 0.10625360161066055 256
1627757336988 0.10598806291818619 258
1627757337549 0.10571349412202835 260
1627757338132 0.10542954504489899 262
1627757338727 0.10513579845428467 264
1627757339334 0.10483189672231674 266
1627757339967 0.10451746731996536 268
1627757340588 0.10419214516878128 270
1627757341224 0.10385555773973465 272
1627757341813 0.10350748151540756 274
1627757342409 0.10314764082431793 276
1627757343040 0.10277589410543442 278
1627757343667 0.10239214450120926 280
1627757344333 0.10199641436338425 282
1627757344998 0.1015889048576355 284
1627757345568 0.10116996616125107 286
1627757346155 0.10074014216661453 288
1627757346763 0.10030019283294678 290
1627757347384 0.09985115379095078 292
1627757348014 0.09939432144165039 294
1627757348652 0.09893130511045456 296
1627757349273 0.09846395999193192 298
