1627739491823 0.222327321767807 0
1627739494406 0.21488666534423828 2
1627739494857 0.20767460763454437 4
1627739495306 0.20069415867328644 6
1627739495759 0.19393838942050934 8
1627739496221 0.1873919814825058 10
1627739496644 0.18103548884391785 12
1627739497011 0.17485411465168 14
1627739497394 0.16884459555149078 16
1627739497769 0.163016676902771 18
1627739498205 0.1573912799358368 20
1627739498598 0.1519990861415863 22
1627739499143 0.14687936007976532 24
1627739499709 0.1420786827802658 26
1627739500252 0.13764923810958862 28
1627739500791 0.13364611566066742 30
1627739501348 0.13012395799160004 32
1627739501954 0.12713201344013214 34
1627739502414 0.12470794469118118 36
1627739502875 0.1228700578212738 38
1627739503345 0.12160857021808624 40
1627739503828 0.12087780982255936 42
1627739504342 0.12059148401021957 44
1627739504746 0.12062585353851318 46
1627739505123 0.12083498388528824 48
1627739505489 0.12107806652784348 50
1627739505883 0.12124953418970108 52
1627739506261 0.12129699438810349 54
1627739506636 0.121219202876091 56
1627739507190 0.12104938924312592 58
1627739507710 0.12083417177200317 60
1627739508225 0.12061681598424911 62
1627739508742 0.12042762339115143 64
1627739509256 0.12028153985738754 66
1627739509743 0.12018019706010818 68
1627739510272 0.12011639028787613 70
1627739510767 0.12007864564657211 72
1627739511286 0.12005492299795151 74
1627739511777 0.12003505975008011 76
1627739512292 0.1200120747089386 78
1627739512805 0.11998222023248672 80
1627739513209 0.11994456499814987 82
1627739513583 0.11990027129650116 84
1627739513968 0.11985157430171967 86
1627739514407 0.11980100721120834 88
1627739514830 0.11975079774856567 90
1627739515271 0.11970246583223343 92
1627739515838 0.11965665221214294 94
1627739516353 0.11961323767900467 96
1627739516841 0.11957158893346786 98
1627739517348 0.1195308268070221 100
1627739517822 0.11949003487825394 102
1627739518313 0.11944857239723206 104
1627739518790 0.1194060668349266 106
1627739519272 0.11936245113611221 108
1627739519763 0.11931788921356201 110
1627739520256 0.11927257478237152 112
1627739520734 0.11922680586576462 114
1627739521150 0.11918078362941742 116
1627739521535 0.1191345676779747 118
1627739521915 0.11908810585737228 120
1627739522283 0.11904136091470718 122
1627739522672 0.11899418383836746 124
1627739523062 0.11894647777080536 126
1627739523544 0.11889813095331192 128
1627739524017 0.11884909868240356 130
1627739524469 0.1187993735074997 132
1627739524961 0.11874889582395554 134
1627739525422 0.11869774013757706 136
1627739525887 0.11864587664604187 138
1627739526352 0.11859326809644699 140
1627739526836 0.11853991448879242 142
1627739527297 0.11848577111959457 144
1627739527787 0.11843081563711166 146
1627739528276 0.11837497353553772 148
1627739528799 0.11831820011138916 150
1627739529225 0.1182604432106018 152
1627739529628 0.11820168048143387 154
1627739530241 0.11814185231924057 156
1627739530754 0.11808094382286072 158
1627739531158 0.11801889538764954 160
1627739531718 0.11795563250780106 162
1627739532322 0.11789113283157349 164
1627739532754 0.11782533675432205 166
1627739533200 0.11775819212198257 168
1627739533600 0.11768963187932968 170
1627739534067 0.1176195964217186 172
1627739534526 0.11754807829856873 174
1627739534904 0.11747496575117111 176
1627739535327 0.11740020662546158 178
1627739535714 0.11732374876737595 180
1627739536300 0.11724552512168884 182
1627739536799 0.1171654686331749 184
1627739537429 0.11708349734544754 186
1627739537844 0.1169995442032814 188
1627739538241 0.11691351979970932 190
1627739538634 0.11682533472776413 192
1627739539017 0.11673489212989807 194
1627739539414 0.11664211004972458 196
1627739539842 0.11654691398143768 198
1627739540252 0.11644916236400604 200
1627739540676 0.11634871363639832 202
1627739541125 0.11624550074338913 204
1627739541534 0.11613941937685013 206
1627739541951 0.11603028327226639 208
1627739542600 0.11591798812150955 210
1627739543012 0.11580242216587067 212
1627739543428 0.11568339169025421 214
1627739543812 0.11556077748537064 216
1627739544212 0.11543439328670502 218
1627739544630 0.11530409008264542 220
1627739545031 0.11516968160867691 222
1627739545433 0.11503099650144577 224
1627739545833 0.11488784104585648 226
1627739546263 0.11473997682332993 228
1627739546660 0.11458723992109299 230
1627739547119 0.11442935466766357 232
1627739547543 0.11426611989736557 234
1627739548080 0.1140972450375557 236
1627739548598 0.11392246186733246 238
1627739549137 0.11374148726463318 240
1627739549539 0.1135539785027504 242
1627739549977 0.11335964500904083 244
1627739550398 0.11315804719924927 246
1627739550847 0.11294884979724884 248
1627739551244 0.11273161321878433 250
1627739551697 0.11250589042901993 252
1627739552141 0.11227118968963623 254
1627739552630 0.11202703416347504 256
1627739553134 0.11177284270524979 258
1627739553578 0.11150812357664108 260
1627739554025 0.11123229563236237 262
1627739554475 0.11094475537538528 264
1627739554892 0.11064500361680984 266
1627739555359 0.11033250391483307 268
1627739555797 0.11000678688287735 270
1627739556277 0.10966752469539642 272
1627739556730 0.10931447893381119 274
1627739557226 0.10894758254289627 276
1627739557658 0.10856713354587555 278
1627739558094 0.10817360132932663 280
1627739558535 0.10776794701814651 282
1627739558909 0.10735153406858444 284
1627739559344 0.10692627727985382 286
1627739559760 0.10649463534355164 288
1627739560214 0.10605956614017487 290
1627739560611 0.10562443733215332 292
1627739561050 0.10519284754991531 294
1627739561513 0.10476817190647125 296
1627739561927 0.10435330867767334 298
