1627739491823 0.4179985225200653 0
1627739494406 0.41017472743988037 2
1627739494857 0.40241748094558716 4
1627739495306 0.39472275972366333 6
1627739495759 0.3870062530040741 8
1627739496221 0.3792803883552551 10
1627739496644 0.3715512156486511 12
1627739497011 0.36378213763237 14
1627739497394 0.35589680075645447 16
1627739497769 0.34806281328201294 18
1627739498205 0.340273916721344 20
1627739498598 0.3324136435985565 22
1627739499143 0.3246990442276001 24
1627739499709 0.31709572672843933 26
1627739500252 0.3094863295555115 28
1627739500791 0.3020035922527313 30
1627739501348 0.29486149549484253 32
1627739501954 0.2882443070411682 34
1627739502414 0.2825354039669037 36
1627739502875 0.2775406539440155 38
1627739503345 0.27329501509666443 40
1627739503828 0.2702512741088867 42
1627739504342 0.26829421520233154 44
1627739504746 0.2669416666030884 46
1627739505123 0.26616716384887695 48
1627739505489 0.26578593254089355 50
1627739505883 0.2656112611293793 52
1627739506261 0.2655090093612671 54
1627739506636 0.26544007658958435 56
1627739507190 0.26540422439575195 58
1627739507710 0.2654325067996979 60
1627739508225 0.2655867040157318 62
1627739508742 0.2658267021179199 64
1627739509256 0.26613980531692505 66
1627739509743 0.2665068507194519 68
1627739510272 0.266848623752594 70
1627739510767 0.2671600580215454 72
1627739511286 0.2674008011817932 74
1627739511777 0.26755982637405396 76
1627739512292 0.2676435112953186 78
1627739512805 0.26764917373657227 80
1627739513209 0.2675848603248596 82
1627739513583 0.26746124029159546 84
1627739513968 0.2672918140888214 86
1627739514407 0.26709288358688354 88
1627739514830 0.2668752372264862 90
1627739515271 0.26664987206459045 92
1627739515838 0.2664291262626648 94
1627739516353 0.2662220895290375 96
1627739516841 0.266034334897995 98
1627739517348 0.26586830615997314 100
1627739517822 0.26572781801223755 102
1627739518313 0.2656122148036957 104
1627739518790 0.2655177414417267 106
1627739519272 0.2654419541358948 108
1627739519763 0.26538124680519104 110
1627739520256 0.2653322219848633 112
1627739520734 0.26529252529144287 114
1627739521150 0.2652570605278015 116
1627739521535 0.2652212381362915 118
1627739521915 0.26518067717552185 120
1627739522283 0.2651328146457672 122
1627739522672 0.2650758624076843 124
1627739523062 0.2650090754032135 126
1627739523544 0.26493239402770996 128
1627739524017 0.26484623551368713 130
1627739524469 0.2647518217563629 132
1627739524961 0.2646511197090149 134
1627739525422 0.26454538106918335 136
1627739525887 0.2644364535808563 138
1627739526352 0.264325886964798 140
1627739526836 0.26421570777893066 142
1627739527297 0.26410630345344543 144
1627739527787 0.26399871706962585 146
1627739528276 0.2638932764530182 148
1627739528799 0.2637895345687866 150
1627739529225 0.26368793845176697 152
1627739529628 0.2635875344276428 154
1627739530241 0.263487309217453 156
1627739530754 0.2633863091468811 158
1627739531158 0.26328372955322266 160
1627739531718 0.26317891478538513 162
1627739532322 0.2630711793899536 164
1627739532754 0.2629600167274475 166
1627739533200 0.2628452777862549 168
1627739533600 0.2627268433570862 170
1627739534067 0.26260465383529663 172
1627739534526 0.2624790370464325 174
1627739534904 0.26235032081604004 176
1627739535327 0.2622186839580536 178
1627739535714 0.2620842158794403 180
1627739536300 0.2619470953941345 182
1627739536799 0.261807382106781 184
1627739537429 0.2616662383079529 186
1627739537844 0.2615237236022949 188
1627739538241 0.261378675699234 190
1627739538634 0.26123037934303284 192
1627739539017 0.26107853651046753 194
1627739539414 0.2609226703643799 196
1627739539842 0.26076266169548035 198
1627739540252 0.26059791445732117 200
1627739540676 0.2604283392429352 202
1627739541125 0.2602537274360657 204
1627739541534 0.26007765531539917 206
1627739541951 0.2598971426486969 208
1627739542600 0.25971290469169617 210
1627739543012 0.2595227360725403 212
1627739543428 0.25932633876800537 214
1627739543812 0.25912389159202576 216
1627739544212 0.2589165270328522 218
1627739544630 0.25870367884635925 220
1627739545031 0.2584856152534485 222
1627739545433 0.25826185941696167 224
1627739545833 0.25803208351135254 226
1627739546263 0.25779470801353455 228
1627739546660 0.257551372051239 230
1627739547119 0.25730010867118835 232
1627739547543 0.25704342126846313 234
1627739548080 0.2567785382270813 236
1627739548598 0.2565028667449951 238
1627739549137 0.25621888041496277 240
1627739549539 0.2559238076210022 242
1627739549977 0.2556179463863373 244
1627739550398 0.2553040087223053 246
1627739550847 0.25498002767562866 248
1627739551244 0.2546441853046417 250
1627739551697 0.25429674983024597 252
1627739552141 0.25393491983413696 254
1627739552630 0.25355738401412964 256
1627739553134 0.25317344069480896 258
1627739553578 0.2527839243412018 260
1627739554025 0.2523817718029022 262
1627739554475 0.25196364521980286 264
1627739554892 0.25152915716171265 266
1627739555359 0.2510750889778137 268
1627739555797 0.2505985498428345 270
1627739556277 0.2501070499420166 272
1627739556730 0.24959471821784973 274
1627739557226 0.24906787276268005 276
1627739557658 0.2485388070344925 278
1627739558094 0.24798694252967834 280
1627739558535 0.24742867052555084 282
1627739558909 0.2468705177307129 284
1627739559344 0.24629779160022736 286
1627739559760 0.2457466572523117 288
1627739560214 0.2452176958322525 290
1627739560611 0.24469998478889465 292
1627739561050 0.2442048043012619 294
1627739561513 0.24372011423110962 296
1627739561927 0.2432572990655899 298
