1627739453723 0.1717676967382431 0
1627739457830 0.16214022040367126 2
1627739458307 0.15309149026870728 4
1627739458832 0.14475814998149872 6
1627739459403 0.1373518705368042 8
1627739460050 0.13116762042045593 10
1627739460966 0.12654468417167664 12
1627739461744 0.1237851232290268 14
1627739462306 0.12297961115837097 16
1627739462942 0.12371470779180527 18
1627739463558 0.12495563179254532 20
1627739464301 0.12563882768154144 22
1627739464851 0.1254032850265503 24
1627739465302 0.12454651296138763 26
1627739465723 0.12355996668338776 28
1627739466188 0.12279733270406723 30
1627739466648 0.12238269299268723 32
1627739467250 0.12226466089487076 34
1627739467753 0.12231385707855225 36
