1627739453723 0.358473539352417 0
1627739457830 0.34551802277565 2
1627739458307 0.33261436223983765 4
1627739458832 0.31974971294403076 6
1627739459403 0.3069010078907013 8
1627739460050 0.2946932911872864 10
1627739460966 0.2844822108745575 12
1627739461744 0.2768518328666687 14
1627739462306 0.27251067757606506 16
1627739462942 0.2712371051311493 18
1627739463558 0.27139684557914734 20
1627739464301 0.27164432406425476 22
1627739464851 0.27138885855674744 24
1627739465302 0.2708424925804138 26
1627739465723 0.2704252302646637 28
1627739466188 0.27043598890304565 30
1627739466648 0.2709246277809143 32
1627739467250 0.2718743085861206 34
1627739467753 0.2728107273578644 36
