1627757110321 0.3351714611053467 0
1627757117771 0.31483885645866394 2
1627757118614 0.29549914598464966 4
1627757119300 0.27714088559150696 6
1627757119912 0.25969430804252625 8
1627757120515 0.24308030307292938 10
1627757121156 0.2272372543811798 12
1627757121800 0.21215493977069855 14
1627757122471 0.1978718638420105 16
1627757123131 0.18445439636707306 18
1627757123740 0.1719837188720703 20
1627757124388 0.16055090725421906 22
1627757125004 0.15025746822357178 24
1627757125687 0.14121446013450623 26
1627757126345 0.13353678584098816 28
1627757126899 0.1273292750120163 30
1627757127566 0.12266406416893005 32
1627757128172 0.11954955756664276 34
1627757128860 0.11789271980524063 36
1627757129514 0.11746373772621155 38
1627757130104 0.11788512766361237 40
1627757130702 0.11867909133434296 42
1627757131288 0.1193891391158104 44
1627757132116 0.11972135305404663 46
1627757132735 0.11960553377866745 48
1627757133389 0.11914665997028351 50
1627757134006 0.11852453649044037 52
1627757134833 0.11790688335895538 54
1627757135407 0.11740328371524811 56
1627757136014 0.11705700308084488 58
1627757136632 0.11685959994792938 60
1627757137214 0.11677313596010208 62
1627757137834 0.11675053089857101 64
1627757138402 0.1167493686079979 66
1627757139002 0.11673906445503235 68
1627757139569 0.11670293658971786 70
1627757140169 0.11663640290498734 72
1627757140738 0.11654387414455414 74
1627757141332 0.11643481254577637 76
1627757141942 0.11632005125284195 78
1627757142512 0.11620895564556122 80
1627757143098 0.1161075234413147 82
1627757143651 0.11601792275905609 84
1627757144247 0.11593879014253616 86
1627757144865 0.1158665120601654 88
1627757145483 0.11579669266939163 90
1627757146072 0.1157255470752716 92
1627757146696 0.1156507134437561 94
1627757147458 0.11557149142026901 96
1627757148058 0.11548858135938644 98
1627757148972 0.11540332436561584 100
1627757149639 0.11531714349985123 102
1627757150352 0.11523104459047318 104
1627757151014 0.11514543741941452 106
1627757151614 0.11506014317274094 108
1627757152284 0.11497469991445541 110
1627757153064 0.11488853394985199 112
1627757153878 0.11480105668306351 114
1627757154506 0.11471210420131683 116
1627757155105 0.11462156474590302 118
1627757155729 0.11452952027320862 120
1627757156382 0.11443618685007095 122
1627757157055 0.11434165388345718 124
1627757157698 0.11424598842859268 126
1627757158359 0.11414916068315506 128
1627757158985 0.11405108124017715 130
1627757159589 0.11395160108804703 132
1627757160153 0.11385061591863632 134
1627757160713 0.11374802142381668 136
1627757161298 0.11364375054836273 138
1627757161962 0.11353781819343567 140
1627757162578 0.11343016475439072 142
1627757163189 0.11332076042890549 144
1627757163810 0.113209567964077 146
1627757164442 0.11309654265642166 148
1627757165052 0.11298157274723053 150
1627757165693 0.11286462843418121 152
1627757166424 0.11274556070566177 154
1627757167010 0.11262437701225281 156
1627757167590 0.11250093579292297 158
1627757168228 0.11237522959709167 160
1627757168832 0.11224713176488876 162
1627757169889 0.11211660504341125 164
1627757171380 0.1119835376739502 166
1627757172226 0.1118478775024414 168
1627757173254 0.11170947551727295 170
1627757173998 0.11156831681728363 172
1627757174862 0.11142423748970032 174
1627757175629 0.11127719283103943 176
1627757176190 0.11112707853317261 178
1627757176824 0.11097375303506851 180
1627757177485 0.11081713438034058 182
1627757178011 0.11065714061260223 184
1627757178521 0.11049364507198334 186
1627757179035 0.11032654345035553 188
1627757179563 0.11015571653842926 190
1627757180068 0.10998105257749557 192
1627757180821 0.10980243980884552 194
1627757181337 0.10961973667144775 196
1627757181940 0.10943280160427094 198
1627757182525 0.10924156755208969 200
1627757183083 0.10904586315155029 202
1627757183659 0.10884559899568558 204
1627757184210 0.1086406260728836 206
1627757184788 0.10843079537153244 208
1627757185327 0.10821599513292313 210
1627757185930 0.10799612104892731 212
1627757186480 0.10777100920677185 214
1627757187038 0.10754052549600601 216
1627757187562 0.10730457305908203 218
1627757188097 0.10706299543380737 220
1627757188631 0.10681569576263428 222
1627757189198 0.1065625548362732 224
1627757189704 0.10630347579717636 226
1627757190416 0.10603833943605423 228
1627757190995 0.10576704144477844 230
1627757191616 0.10548949986696243 232
1627757192167 0.10520566999912262 234
1627757192669 0.10491545498371124 236
1627757193194 0.10461879521608353 238
1627757194010 0.10431571304798126 240
1627757194566 0.10400614887475967 242
1627757195099 0.10369013994932175 244
1627757195815 0.10336769372224808 246
1627757196475 0.10303890705108643 248
1627757197069 0.10270380973815918 250
1627757198040 0.10236257314682007 252
1627757198788 0.10201531648635864 254
1627757199400 0.1016623005270958 256
1627757200101 0.10130365937948227 258
1627757200677 0.10093974322080612 260
1627757201352 0.10057087242603302 262
1627757202098 0.10019738227128983 264
1627757202850 0.09981975704431534 266
1627757203416 0.09943845868110657 268
1627757204108 0.09905403107404709 270
1627757204727 0.09866710007190704 272
1627757205322 0.09827829152345657 274
1627757205923 0.09788831323385239 276
1627757206463 0.09749794751405716 278
1627757207041 0.09710796922445297 280
1627757207819 0.09671923518180847 282
1627757208465 0.0963325947523117 284
1627757209059 0.09594888240098953 286
1627757209618 0.09556896984577179 288
1627757210436 0.09519367665052414 290
1627757211209 0.09482377767562866 292
1627757214384 0.09445995837450027 294
1627757215032 0.09410280734300613 296
