1627757110321 0.5197029709815979 0
1627757117771 0.502112627029419 2
1627757118614 0.48508793115615845 4
1627757119300 0.46859851479530334 6
1627757119912 0.4522738754749298 8
1627757120515 0.4361417889595032 10
1627757121156 0.4202776253223419 12
1627757121800 0.4044681787490845 14
1627757122471 0.3889920115470886 16
1627757123131 0.3734389543533325 18
1627757123740 0.3580426573753357 20
1627757124388 0.3426586389541626 22
1627757125004 0.32800519466400146 24
1627757125687 0.3144003748893738 26
1627757126345 0.3019619584083557 28
1627757126899 0.29084816575050354 30
1627757127566 0.281870573759079 32
1627757128172 0.27492642402648926 34
1627757128860 0.27044913172721863 36
1627757129514 0.26790207624435425 38
1627757130104 0.2668800354003906 40
1627757130702 0.2667861878871918 42
1627757131288 0.26697322726249695 44
1627757132116 0.2670753002166748 46
1627757132735 0.2669409513473511 48
1627757133389 0.26663774251937866 50
1627757134006 0.26633119583129883 52
1627757134833 0.2661477327346802 54
1627757135407 0.26613035798072815 56
1627757136014 0.2663264572620392 58
1627757136632 0.2666386067867279 60
1627757137214 0.267050564289093 62
1627757137834 0.2674659192562103 64
1627757138402 0.26777970790863037 66
1627757139002 0.26795339584350586 68
1627757139569 0.2679915726184845 70
1627757140169 0.2678929269313812 72
1627757140738 0.2676795423030853 74
1627757141332 0.2673885226249695 76
1627757141942 0.26704177260398865 78
1627757142512 0.2666618227958679 80
1627757143098 0.26629117131233215 82
1627757143651 0.265948086977005 84
1627757144247 0.265649676322937 86
1627757144865 0.2653944194316864 88
1627757145483 0.26517748832702637 90
1627757146072 0.26499566435813904 92
1627757146696 0.26484668254852295 94
1627757147458 0.26472732424736023 96
1627757148058 0.2646314799785614 98
1627757148972 0.26455286145210266 100
1627757149639 0.2644839882850647 102
1627757150352 0.26441890001296997 104
1627757151014 0.26435786485671997 106
1627757151614 0.264289915561676 108
1627757152284 0.26420730352401733 110
1627757153064 0.2641074061393738 112
1627757153878 0.26398929953575134 114
1627757154506 0.2638537287712097 116
1627757155105 0.2637022137641907 118
1627757155729 0.26353827118873596 120
1627757156382 0.26336416602134705 122
1627757157055 0.2631834149360657 124
1627757157698 0.26299935579299927 126
1627757158359 0.2628175616264343 128
1627757158985 0.2626378536224365 130
1627757159589 0.2624613642692566 132
1627757160153 0.2622901499271393 134
1627757160713 0.26212358474731445 136
1627757161298 0.26196053624153137 138
1627757161962 0.2617979049682617 140
1627757162578 0.26163461804389954 142
1627757163189 0.26146894693374634 144
1627757163810 0.2612992823123932 146
1627757164442 0.2611248195171356 148
1627757165052 0.26094746589660645 150
1627757165693 0.26076361536979675 152
1627757166424 0.2605728805065155 154
1627757167010 0.26037535071372986 156
1627757167590 0.2601713240146637 158
1627757168228 0.25996121764183044 160
1627757168832 0.25974538922309875 162
1627757169889 0.2595258951187134 164
1627757171380 0.25930145382881165 166
1627757172226 0.25907233357429504 168
1627757173254 0.258838415145874 170
1627757173998 0.25859975814819336 172
1627757174862 0.25835591554641724 174
1627757175629 0.2581093907356262 176
1627757176190 0.25785866379737854 178
1627757176824 0.2576052248477936 180
1627757177485 0.25734758377075195 182
1627757178011 0.2570824921131134 184
1627757178521 0.25680944323539734 186
1627757179035 0.2565281093120575 188
1627757179563 0.25623831152915955 190
1627757180068 0.2559396028518677 192
1627757180821 0.2556320130825043 194
1627757181337 0.2553167939186096 196
1627757181940 0.25499606132507324 198
1627757182525 0.2546682059764862 200
1627757183083 0.25433075428009033 202
1627757183659 0.2539834976196289 204
1627757184210 0.2536276578903198 206
1627757184788 0.25326403975486755 208
1627757185327 0.25290074944496155 210
1627757185930 0.25252997875213623 212
1627757186480 0.2521505653858185 214
1627757187038 0.25176137685775757 216
1627757187562 0.25136274099349976 218
1627757188097 0.25095173716545105 220
1627757188631 0.2505300045013428 222
1627757189198 0.25009623169898987 224
1627757189704 0.2496572881937027 226
1627757190416 0.24920497834682465 228
1627757190995 0.24874067306518555 230
1627757191616 0.2482658475637436 232
1627757192167 0.2477838099002838 234
1627757192669 0.24729280173778534 236
1627757193194 0.246789813041687 238
1627757194010 0.2462778091430664 240
1627757194566 0.2457519918680191 242
1627757195099 0.2452143430709839 244
1627757195815 0.2446870356798172 246
1627757196475 0.24415381252765656 248
1627757197069 0.24360524117946625 250
1627757198040 0.24305729568004608 252
1627757198788 0.24250221252441406 254
1627757199400 0.24194107949733734 256
1627757200101 0.24136918783187866 258
1627757200677 0.24078457057476044 260
1627757201352 0.24019914865493774 262
1627757202098 0.23961542546749115 264
1627757202850 0.23902788758277893 266
1627757203416 0.2384379506111145 268
1627757204108 0.237829327583313 270
1627757204727 0.23721320927143097 272
1627757205322 0.23660482466220856 274
1627757205923 0.23600029945373535 276
1627757206463 0.23538647592067719 278
1627757207041 0.23477840423583984 280
1627757207819 0.23415493965148926 282
1627757208465 0.23351912200450897 284
1627757209059 0.23288196325302124 286
1627757209618 0.23224900662899017 288
1627757210436 0.23161862790584564 290
1627757211209 0.23098766803741455 292
1627757214384 0.23035398125648499 294
1627757215032 0.2297157645225525 296
