1627739785095 0.37553441524505615 0
1627739788285 0.34625428915023804 2
1627739788983 0.31923872232437134 4
1627739789731 0.2938765585422516 6
1627739790455 0.2698799967765808 8
1627739790840 0.2472866326570511 10
1627739791304 0.22620439529418945 12
1627739791692 0.20675532519817352 14
1627739792068 0.1890699863433838 16
1627739792460 0.17328883707523346 18
1627739792851 0.15955685079097748 20
1627739793312 0.14801010489463806 22
1627739793738 0.13875460624694824 24
1627739794202 0.1318388730287552 26
1627739794598 0.12721899151802063 28
1627739794992 0.12471775710582733 30
1627739795367 0.1239863783121109 32
1627739795758 0.124492347240448 34
1627739796235 0.1255768984556198 36
1627739796667 0.12661047279834747 38
1627739797093 0.12718001008033752 40
1627739797524 0.12716852128505707 42
1627739798059 0.1266891360282898 44
1627739798521 0.12595872581005096 46
1627739798958 0.12519042193889618 48
1627739799387 0.12453491985797882 50
1627739799912 0.12406496703624725 52
1627739800332 0.12378788739442825 54
1627739800716 0.12366902828216553 56
1627739801132 0.12365533411502838 58
1627739801558 0.12369343638420105 60
1627739802073 0.12374034523963928 62
1627739802469 0.12376800924539566 64
1627739803040 0.12376348674297333 66
1627739803652 0.12372593581676483 68
1627739804033 0.12366292625665665 70
1627739804460 0.12358599156141281 72
1627739804848 0.12350700795650482 74
1627739805274 0.12343544512987137 76
1627739805641 0.12337680160999298 78
1627739806010 0.1233324408531189 80
1627739806408 0.12330023944377899 82
1627739806780 0.1232760101556778 84
1627739807158 0.12325507402420044 86
1627739807540 0.12323350459337234 88
1627739807903 0.12320902943611145 90
1627739808321 0.12318101525306702 92
1627739808719 0.12315019965171814 94
1627739809271 0.12311800569295883 96
1627739809696 0.12308604270219803 98
1627739810135 0.12305531650781631 100
1627739810550 0.12302638590335846 102
1627739810998 0.12299907207489014 104
1627739811463 0.12297294288873672 106
1627739811914 0.12294738739728928 108
1627739812345 0.12292184680700302 110
1627739812775 0.12289604544639587 112
1627739813200 0.12286989390850067 114
1627739813606 0.12284351140260696 116
1627739814085 0.12281706929206848 118
1627739814513 0.12279079109430313 120
1627739814899 0.12276478856801987 122
1627739815312 0.12273906916379929 124
1627739815730 0.1227136105298996 126
1627739816123 0.12268829345703125 128
1627739816517 0.12266302108764648 130
1627739816934 0.12263774871826172 132
1627739817327 0.12261245399713516 134
1627739817775 0.12258713692426682 136
1627739818169 0.12256179749965668 138
1627739818645 0.12253650277853012 140
1627739819068 0.12251122295856476 142
1627739819654 0.1224859282374382 144
1627739820118 0.12246067821979523 146
1627739820545 0.12243537604808807 148
1627739821014 0.12241005152463913 150
1627739821453 0.12238465249538422 152
1627739821850 0.12235917896032333 154
1627739822327 0.12233364582061768 156
1627739822761 0.12230802327394485 158
1627739823154 0.12228231877088547 160
1627739823550 0.12225648760795593 162
1627739824048 0.12223059684038162 164
1627739824471 0.12220457941293716 166
1627739824875 0.12217839062213898 168
1627739825282 0.12215209007263184 170
1627739825668 0.12212561815977097 172
1627739826082 0.12209899723529816 174
1627739826491 0.12207218259572983 176
1627739826872 0.12204521149396896 178
1627739827279 0.1220180094242096 180
1627739827731 0.1219906210899353 182
1627739828193 0.1219630092382431 184
1627739828636 0.1219351515173912 186
1627739829042 0.12190704792737961 188
1627739829459 0.12187869101762772 190
1627739829859 0.12185006588697433 192
1627739830295 0.12182113528251648 194
1627739830693 0.12179192900657654 196
1627739831245 0.12176239490509033 198
1627739831763 0.12173253297805786 200
1627739832241 0.12170229852199554 202
1627739832656 0.12167172133922577 204
1627739833095 0.12164071947336197 206
1627739833528 0.12160935252904892 208
1627739833906 0.12157752364873886 210
1627739834302 0.12154527753591537 212
1627739834728 0.1215125098824501 214
1627739835176 0.12147928774356842 216
1627739835686 0.12144552171230316 218
1627739836115 0.12141121923923492 220
1627739836501 0.12137631326913834 222
1627739836906 0.1213407963514328 224
1627739837289 0.12130463123321533 226
1627739837688 0.12126777321100235 228
1627739838091 0.12123019248247147 230
1627739838505 0.1211918368935585 232
1627739838903 0.12115266919136047 234
1627739839282 0.1211126372218132 236
1627739839666 0.12107168138027191 238
1627739840048 0.12102978676557541 240
1627739840444 0.12098683416843414 242
1627739840840 0.12094277143478394 244
1627739841293 0.12089751660823822 246
1627739841887 0.12085100263357162 248
1627739842287 0.12080314010381699 250
1627739842687 0.12075380980968475 252
1627739843106 0.12070295214653015 254
1627739843522 0.12065039575099945 256
1627739843957 0.1205960214138031 258
1627739844382 0.12053968757390976 260
1627739844819 0.1204812303185463 262
1627739845302 0.12042046338319778 264
1627739845839 0.12035717815160751 266
1627739846272 0.12029112875461578 268
1627739846719 0.12022209167480469 270
1627739847132 0.12014970183372498 272
1627739847524 0.12007369846105576 274
1627739847920 0.1199936717748642 276
1627739848352 0.11990918219089508 278
1627739848737 0.1198197603225708 280
1627739849159 0.11972496658563614 282
1627739849655 0.11962420493364334 284
1627739850118 0.11951696872711182 286
1627739850603 0.11940274387598038 288
1627739850985 0.11928116530179977 290
1627739851390 0.1191519945859909 292
1627739851822 0.11901535838842392 294
1627739852238 0.11887171119451523 296
1627739852649 0.11872193217277527 298
