1627739785095 0.5538250803947449 0
1627739788285 0.5297151207923889 2
1627739788983 0.5066505074501038 4
1627739789731 0.48417314887046814 6
1627739790455 0.4622708261013031 8
1627739790840 0.4404458701610565 10
1627739791304 0.4190276861190796 12
1627739791692 0.39832621812820435 14
1627739792068 0.3781503736972809 16
1627739792460 0.35830938816070557 18
1627739792851 0.3394123315811157 20
1627739793312 0.32219287753105164 22
1627739793738 0.3072203993797302 24
1627739794202 0.2946211099624634 26
1627739794598 0.28496330976486206 28
1627739794992 0.27838462591171265 30
1627739795367 0.2745194435119629 32
1627739795758 0.2728652358055115 34
1627739796235 0.27273795008659363 36
1627739796667 0.27309250831604004 38
1627739797093 0.2733781933784485 40
1627739797524 0.2733682692050934 42
1627739798059 0.27311745285987854 44
1627739798521 0.272798627614975 46
1627739798958 0.2725611627101898 48
1627739799387 0.27252307534217834 50
1627739799912 0.2727802097797394 52
1627739800332 0.2732885777950287 54
1627739800716 0.27394792437553406 56
1627739801132 0.27460914850234985 58
1627739801558 0.27517619729042053 60
1627739802073 0.27560263872146606 62
1627739802469 0.2758561670780182 64
1627739803040 0.2759382128715515 66
1627739803652 0.275860071182251 68
1627739804033 0.27565333247184753 70
1627739804460 0.27536505460739136 72
1627739804848 0.2750246822834015 74
1627739805274 0.2746724486351013 76
1627739805641 0.27433937788009644 78
1627739806010 0.2740321457386017 80
1627739806408 0.27376773953437805 82
1627739806780 0.27354833483695984 84
1627739807158 0.2733857333660126 86
1627739807540 0.2732737958431244 88
1627739807903 0.2732085883617401 90
1627739808321 0.27318504452705383 92
1627739808719 0.27319473028182983 94
1627739809271 0.27323126792907715 96
1627739809696 0.27328529953956604 98
1627739810135 0.2733478844165802 100
1627739810550 0.2734091281890869 102
1627739810998 0.27346479892730713 104
1627739811463 0.2735067307949066 106
1627739811914 0.27352985739707947 108
1627739812345 0.2735326588153839 110
1627739812775 0.27351585030555725 112
1627739813200 0.27348142862319946 114
1627739813606 0.27343276143074036 116
1627739814085 0.27337443828582764 118
1627739814513 0.27331259846687317 120
1627739814899 0.27324891090393066 122
1627739815312 0.27318698167800903 124
1627739815730 0.2731296122074127 126
1627739816123 0.27308011054992676 128
1627739816517 0.27303799986839294 130
1627739816934 0.2730037569999695 132
1627739817327 0.2729756534099579 134
1627739817775 0.27295246720314026 136
1627739818169 0.2729327082633972 138
1627739818645 0.2729145884513855 140
1627739819068 0.2728968560695648 142
1627739819654 0.27287912368774414 144
1627739820118 0.2728593051433563 146
1627739820545 0.2728361487388611 148
1627739821014 0.27280938625335693 150
1627739821453 0.2727797329425812 152
1627739821850 0.27274736762046814 154
1627739822327 0.2727128565311432 156
1627739822761 0.27267691493034363 158
1627739823154 0.2726402282714844 160
1627739823550 0.2726036608219147 162
1627739824048 0.27256762981414795 164
1627739824471 0.2725324034690857 166
1627739824875 0.2724981904029846 168
1627739825282 0.27246493101119995 170
1627739825668 0.2724322974681854 172
1627739826082 0.27240002155303955 174
1627739826491 0.2723676562309265 176
1627739826872 0.27233487367630005 178
1627739827279 0.2723013162612915 180
1627739827731 0.27226677536964417 182
1627739828193 0.2722311019897461 184
1627739828636 0.2721943259239197 186
1627739829042 0.27215689420700073 188
1627739829459 0.2721189558506012 190
1627739829859 0.27208027243614197 192
1627739830295 0.27204105257987976 194
1627739830693 0.27200210094451904 196
1627739831245 0.2719629108905792 198
1627739831763 0.27192339301109314 200
1627739832241 0.27188363671302795 202
1627739832656 0.27184349298477173 204
1627739833095 0.2718029022216797 206
1627739833528 0.27176210284233093 208
1627739833906 0.27172064781188965 210
1627739834302 0.2716784179210663 212
1627739834728 0.2716352939605713 214
1627739835176 0.27159130573272705 216
1627739835686 0.2715463638305664 218
1627739836115 0.27150049805641174 220
1627739836501 0.27145373821258545 222
1627739836906 0.27140605449676514 224
1627739837289 0.2713574469089508 226
1627739837688 0.2713080048561096 228
1627739838091 0.27125757932662964 230
1627739838505 0.2712065279483795 232
1627739838903 0.2711551785469055 234
1627739839282 0.2711026072502136 236
1627739839666 0.27104878425598145 238
1627739840048 0.27099350094795227 240
1627739840444 0.2709367573261261 242
1627739840840 0.2708783447742462 244
1627739841293 0.27081823348999023 246
1627739841887 0.27075618505477905 248
1627739842287 0.27069219946861267 250
1627739842687 0.2706260681152344 252
1627739843106 0.2705584466457367 254
1627739843522 0.27048882842063904 256
1627739843957 0.2704164981842041 258
1627739844382 0.2703411877155304 260
1627739844819 0.27026310563087463 262
1627739845302 0.2701820135116577 264
1627739845839 0.27009689807891846 266
1627739846272 0.27000710368156433 268
1627739846719 0.2699122726917267 270
1627739847132 0.2698115110397339 272
1627739847524 0.26970428228378296 274
1627739847920 0.2695895731449127 276
1627739848352 0.26946625113487244 278
1627739848737 0.26933324337005615 280
1627739849159 0.2691900432109833 282
1627739849655 0.2690355181694031 284
1627739850118 0.2688661813735962 286
1627739850603 0.26868242025375366 288
1627739850985 0.26848074793815613 290
1627739851390 0.2682616710662842 292
1627739851822 0.26802393794059753 294
1627739852238 0.2677661180496216 296
1627739852649 0.2674911320209503 298
