1627740499701 0.38503143191337585 0
1627740503057 0.3517610430717468 2
1627740503579 0.3211212754249573 4
1627740504093 0.2931700348854065 6
1627740504582 0.26775774359703064 8
1627740505079 0.244632288813591 10
1627740505548 0.22362780570983887 12
1627740506172 0.20471011102199554 14
1627740506677 0.18790234625339508 16
1627740507145 0.173221156001091 18
1627740507595 0.16064868867397308 20
1627740508069 0.15012526512145996 22
1627740508544 0.1415511667728424 24
1627740509535 0.13479140400886536 26
1627740510008 0.12968140840530396 28
1627740510478 0.1260318160057068 30
1627740510942 0.12363225966691971 32
1627740511446 0.12225542962551117 34
1627740511940 0.12166276574134827 36
1627740512445 0.12161406129598618 38
1627740512957 0.12188193202018738 40
1627740513454 0.12226992100477219 42
1627740513900 0.1226293221116066 44
1627740514368 0.12286849319934845 46
1627740514808 0.12295138090848923 48
1627740515283 0.12288603186607361 50
1627740515844 0.12270808219909668 52
1627740516427 0.12246446311473846 54
1627740516971 0.12220048159360886 56
1627740517693 0.12195207923650742 58
1627740518265 0.12174242734909058 60
1627740518768 0.12158209830522537 62
1627740519320 0.12147142738103867 64
1627740519807 0.1214037835597992 66
1627740520312 0.12136872857809067 68
1627740520918 0.12135488539934158 70
1627740521426 0.12135189026594162 72
1627740521872 0.12135151028633118 74
1627740522339 0.12134819477796555 76
1627740522836 0.12133902311325073 78
1627740523313 0.12132314592599869 80
1627740523822 0.12130133807659149 82
1627740524313 0.12127526104450226 84
1627740524774 0.12124691158533096 86
1627740525256 0.12121810764074326 88
1627740525688 0.12119032442569733 90
1627740526130 0.12116437405347824 92
1627740526564 0.12114059180021286 94
1627740527023 0.12111884355545044 96
1627740527574 0.12109866738319397 98
1627740528080 0.12107943743467331 100
1627740528539 0.12106058746576309 102
1627740529293 0.12104161828756332 104
1627740529941 0.12102220207452774 106
1627740530542 0.12100222706794739 108
1627740531159 0.1209816262125969 110
1627740531747 0.1209605410695076 112
1627740532409 0.12093908339738846 114
1627740532907 0.12091735750436783 116
1627740533388 0.12089549005031586 118
1627740533803 0.12087355554103851 120
1627740534233 0.12085156887769699 122
1627740534662 0.12082948535680771 124
1627740535157 0.12080725282430649 126
1627740535874 0.12078484892845154 128
1627740536425 0.12076223641633987 130
1627740537125 0.12073936313390732 132
1627740537609 0.12071622163057327 134
1627740538022 0.12069278955459595 136
1627740538474 0.12066903710365295 138
1627740539020 0.12064501643180847 140
1627740539560 0.12062070518732071 142
1627740540015 0.12059608846902847 144
1627740540475 0.12057119607925415 146
1627740540937 0.12054602056741714 148
1627740541407 0.12052050232887268 150
1627740541843 0.12049470841884613 152
1627740542286 0.12046852707862854 154
1627740542743 0.1204419806599617 156
1627740543256 0.12041506171226501 158
1627740543954 0.12038776278495789 160
1627740544453 0.12036003917455673 162
1627740544935 0.12033189833164215 164
1627740545554 0.12030330300331116 166
1627740546009 0.12027425318956375 168
1627740546466 0.12024470418691635 170
1627740546922 0.12021464854478836 172
1627740547403 0.12018406391143799 174
1627740547884 0.12015289813280106 176
1627740548347 0.12012115120887756 178
1627740548888 0.12008878588676453 180
1627740549441 0.12005576491355896 182
1627740550027 0.12002203613519669 184
1627740550536 0.1199875921010971 186
1627740551204 0.11995237320661545 188
1627740551668 0.11991632729768753 190
1627740552419 0.11987943202257156 192
1627740552943 0.11984160542488098 194
1627740553619 0.1198027953505516 196
1627740554287 0.11976297944784164 198
1627740554855 0.11972206830978394 200
1627740555537 0.1196800023317337 202
1627740556236 0.11963668465614319 204
1627740556768 0.11959207057952881 206
1627740557569 0.1195460706949234 208
1627740558090 0.1194985955953598 210
1627740558645 0.11944957077503204 212
1627740559258 0.11939893662929535 214
1627740559851 0.11934654414653778 216
1627740560538 0.11929236352443695 218
1627740561218 0.11923626810312271 220
1627740561726 0.11917822062969208 222
1627740562149 0.11911816149950027 224
1627740562578 0.11905603855848312 226
1627740563007 0.11899182200431824 228
1627740563568 0.1189255341887474 230
1627740564060 0.1188572347164154 232
1627740564580 0.1187870055437088 234
1627740565027 0.11871496587991714 236
1627740565511 0.11864130944013596 238
1627740565979 0.11856622993946075 240
1627740566470 0.11848992109298706 242
1627740567013 0.11841259151697159 244
1627740567512 0.11833438277244568 246
1627740568061 0.11825530230998993 248
1627740568576 0.11817528307437897 250
1627740569115 0.11809416115283966 252
1627740569591 0.11801166087388992 254
1627740570018 0.11792752146720886 256
1627740570444 0.11784149706363678 258
1627740570928 0.11775345355272293 260
1627740571389 0.11766333132982254 262
1627740572062 0.11757111549377441 264
1627740572580 0.11747689545154572 266
1627740573096 0.11738076061010361 268
1627740573595 0.11728277802467346 270
1627740574114 0.11718303710222244 272
1627740574559 0.11708154529333115 274
1627740574992 0.11697831749916077 276
1627740575512 0.1168733686208725 278
1627740576168 0.11676664650440216 280
1627740576761 0.11665814369916916 282
1627740577380 0.11654786020517349 284
1627740577821 0.11643578112125397 286
1627740578279 0.11632192134857178 288
1627740578727 0.11620630323886871 290
1627740579255 0.1160888746380806 292
1627740579712 0.115969717502594 294
1627740580163 0.11584877222776413 296
1627740580659 0.11572607606649399 298
