1627740499701 0.5623100399971008 0
1627740503057 0.5354251265525818 2
1627740503579 0.509757936000824 4
1627740504093 0.4852983057498932 6
1627740504582 0.4621976912021637 8
1627740505079 0.44034048914909363 10
1627740505548 0.4192293882369995 12
1627740506172 0.3989247679710388 14
1627740506677 0.37956270575523376 16
1627740507145 0.36139917373657227 18
1627740507595 0.34437376260757446 20
1627740508069 0.32901597023010254 22
1627740508544 0.3153727650642395 24
1627740509535 0.3034001588821411 26
1627740510008 0.29313749074935913 28
1627740510478 0.2848016321659088 30
1627740510942 0.27832871675491333 32
1627740511446 0.2736700177192688 34
1627740511940 0.2709144651889801 36
1627740512445 0.2693517208099365 38
1627740512957 0.2685297429561615 40
1627740513454 0.26828277111053467 42
1627740513900 0.26825156807899475 44
1627740514368 0.26828786730766296 46
1627740514808 0.2682848572731018 48
1627740515283 0.2682369649410248 50
1627740515844 0.2681579887866974 52
1627740516427 0.268079549074173 54
1627740516971 0.26806163787841797 56
1627740517693 0.2680912911891937 58
1627740518265 0.26824602484703064 60
1627740518768 0.26849812269210815 62
1627740519320 0.2687906324863434 64
1627740519807 0.26909753680229187 66
1627740520312 0.2693919241428375 68
1627740520918 0.2696610391139984 70
1627740521426 0.2698898911476135 72
1627740521872 0.2700592577457428 74
1627740522339 0.2701665461063385 76
1627740522836 0.2702093720436096 78
1627740523313 0.2701932489871979 80
1627740523822 0.27012744545936584 82
1627740524313 0.27002182602882385 84
1627740524774 0.26988744735717773 86
1627740525256 0.2697395086288452 88
1627740525688 0.26958248019218445 90
1627740526130 0.2694268524646759 92
1627740526564 0.26927757263183594 94
1627740527023 0.2691376507282257 96
1627740527574 0.2690151035785675 98
1627740528080 0.26891157031059265 100
1627740528539 0.26882287859916687 102
1627740529293 0.26875004172325134 104
1627740529941 0.26869162917137146 106
1627740530542 0.2686460018157959 108
1627740531159 0.268611341714859 110
1627740531747 0.2685856521129608 112
1627740532409 0.26856645941734314 114
1627740532907 0.2685525417327881 116
1627740533388 0.26854151487350464 118
1627740533803 0.26853054761886597 120
1627740534233 0.2685181498527527 122
1627740534662 0.2685033977031708 124
1627740535157 0.2684844434261322 126
1627740535874 0.2684607207775116 128
1627740536425 0.26843199133872986 130
1627740537125 0.26839834451675415 132
1627740537609 0.26835983991622925 134
1627740538022 0.2683170735836029 136
1627740538474 0.26827070116996765 138
1627740539020 0.26822155714035034 140
1627740539560 0.2681702673435211 142
1627740540015 0.26811763644218445 144
1627740540475 0.2680644094944 146
1627740540937 0.2680109739303589 148
1627740541407 0.26795780658721924 150
1627740541843 0.26790517568588257 152
1627740542286 0.2678532302379608 154
1627740542743 0.26780202984809875 156
1627740543256 0.26775142550468445 158
1627740543954 0.26770129799842834 160
1627740544453 0.26765143871307373 162
1627740544935 0.2676018476486206 164
1627740545554 0.26755204796791077 166
1627740546009 0.2675016522407532 168
1627740546466 0.26745039224624634 170
1627740546922 0.26739782094955444 172
1627740547403 0.26734399795532227 174
1627740547884 0.26728853583335876 176
1627740548347 0.26723143458366394 178
1627740548888 0.26717251539230347 180
1627740549441 0.26711177825927734 182
1627740550027 0.2670491933822632 184
1627740550536 0.2669847905635834 186
1627740551204 0.2669188380241394 188
1627740551668 0.26685115694999695 190
1627740552419 0.26678159832954407 192
1627740552943 0.26671016216278076 194
1627740553619 0.26663675904273987 196
1627740554287 0.2665612995624542 198
1627740554855 0.26648369431495667 200
1627740555537 0.26640379428863525 202
1627740556236 0.26632145047187805 204
1627740556768 0.26623645424842834 206
1627740557569 0.2661486268043518 208
1627740558090 0.2660577595233917 210
1627740558645 0.2659635841846466 212
1627740559258 0.26586586236953735 214
1627740559851 0.26576441526412964 216
1627740560538 0.26565906405448914 218
1627740561218 0.2655494809150696 220
1627740561726 0.26543566584587097 222
1627740562149 0.26531755924224854 224
1627740562578 0.26519545912742615 226
1627740563007 0.2650688886642456 228
1627740563568 0.26493895053863525 230
1627740564060 0.2648048996925354 232
1627740564580 0.264666885137558 234
1627740565027 0.26452529430389404 236
1627740565511 0.26438048481941223 238
1627740565979 0.2642344534397125 240
1627740566470 0.2640864849090576 242
1627740567013 0.26393675804138184 244
1627740567512 0.26378560066223145 246
1627740568061 0.2636331617832184 248
1627740568576 0.2634793519973755 250
1627740569115 0.263324111700058 252
1627740569591 0.2631683051586151 254
1627740570018 0.2630114257335663 256
1627740570444 0.26285305619239807 258
1627740570928 0.2626934051513672 260
1627740571389 0.2625330686569214 262
1627740572062 0.26237282156944275 264
1627740572580 0.2622128129005432 266
1627740573096 0.26205238699913025 268
1627740573595 0.2618911862373352 270
1627740574114 0.26172876358032227 272
1627740574559 0.2615641951560974 274
1627740574992 0.2613966464996338 276
1627740575512 0.2612251043319702 278
1627740576168 0.26104867458343506 280
1627740576761 0.26086729764938354 282
1627740577380 0.2606811821460724 284
1627740577821 0.2604908347129822 286
1627740578279 0.26029685139656067 288
1627740578727 0.2600999176502228 290
1627740579255 0.2599004805088043 292
1627740579712 0.25969886779785156 294
1627740580163 0.25949668884277344 296
1627740580659 0.25929293036460876 298
